2.0	0.0001225000000006915
4.0	1.1899999999620547e-05
6.0	5.100000000091143e-06
8.0	5.9000000005582365e-06
10.0	4.800000000138027e-06
12.0	5.5999999997169425e-06
14.0	6.5999999998567205e-06
16.0	5.300000000652005e-06
18.0	7.09999999948252e-06
20.0	6.700000000137152e-06
22.0	7.1999999997629516e-06
24.0	2.1000000000270802e-05
26.0	1.210000000018141e-05
28.0	9.100000000650255e-06
30.0	3.0100000000032878e-05
32.0	9.600000000276054e-06
34.0	3.0100000000032878e-05
36.0	4.619999999988522e-05
38.0	3.909999999951452e-05
40.0	1.479999999975945e-05
42.0	3.3800000000638875e-05
44.0	7.179999999973319e-05
46.0	4.010000000054248e-05
48.0	5.930000000020641e-05
50.0	4.080000000072914e-05
52.0	6.57999999997827e-05
54.0	5.870000000030018e-05
56.0	6.790000000034269e-05
58.0	8.419999999986771e-05
60.0	7.16000000000605e-05
62.0	7.619999999963767e-05
64.0	6.609999999973581e-05
66.0	0.00034050000000007685
68.0	0.000190400000000146
70.0	0.00030800000000041905
72.0	0.0002111000000004637
74.0	0.00018449999999958777
76.0	0.0002455000000001206
78.0	0.0002225999999998507
80.0	0.00021510000000013463
82.0	0.00021849999999989933
84.0	0.0001899000000005202
86.0	0.00018980000000023978
88.0	0.0002288999999997543
90.0	0.00019519999999939586
92.0	0.00020960000000069812
94.0	0.000250699999999604
96.0	0.00019700000000000273
98.0	0.00020000000000042206
100.0	0.00024610000000002685
102.0	0.0002162999999999471
104.0	0.00022229999999989758
106.0	0.0002162999999999471
108.0	0.00023449999999947124
110.0	0.00028669999999930695
112.0	0.0002333999999999392
114.0	0.00025610000000053645
116.0	0.00026550000000025165
118.0	0.0002518999999994165
120.0	0.00028719999999982093
122.0	0.0002665999999997837
124.0	0.00027989999999977755
126.0	0.0003245999999998972
128.0	0.0002499000000000251
130.0	0.00027389999999982706
132.0	0.00030879999999999797
134.0	0.00033519999999942485
136.0	0.0003175999999998069
138.0	0.0003135999999992478
140.0	0.0003378000000004988
142.0	0.0003397999999998902
144.0	0.0003206999999996185
146.0	0.0003953999999994906
148.0	0.000360800000000161
150.0	0.0003581999999999752
152.0	0.0003763000000001071
154.0	0.0004204000000012087
156.0	0.0004576000000007241
158.0	0.00041940000000018074
160.0	0.0004262999999991024
162.0	0.00037930000000052644
164.0	0.00043970000000115306
166.0	0.00041580000000074335
168.0	0.00043760000000148125
170.0	0.0004414999999990954
172.0	0.0004689999999989425
174.0	0.0004796000000002465
176.0	0.0004030000000003753
178.0	0.0005044999999999078
180.0	0.0005217999999995726
182.0	0.0006427000000002181
184.0	0.0006176999999993882
186.0	0.0008742000000001582
188.0	0.000575200000000109
190.0	0.0005448999999995152
192.0	0.0007797000000007159
194.0	0.000633099999999942
196.0	0.0006474999999994679
198.0	0.0007909000000001498
200.0	0.0007148000000007926
202.0	0.0005873000000011785
204.0	0.0009534999999996074
206.0	0.0006778000000000617
208.0	0.0008112000000011221
210.0	0.0007948999999989326
212.0	0.0007494999999995144
214.0	0.0009770000000006718
216.0	0.0009663999999993678
218.0	0.001102400000000614
220.0	0.001050400000000451
222.0	0.0011577000000002613
224.0	0.0010437000000003138
226.0	0.0012054999999993044
228.0	0.0013301000000005558
230.0	0.0009057999999999566
232.0	0.0010714000000007218
234.0	0.0015095000000009406
236.0	0.0011214000000006052
238.0	0.0014667999999993242
240.0	0.0009358999999999895
242.0	0.0011440000000000339
244.0	0.0012550000000004502
246.0	0.001106999999999303
248.0	0.0010881999999998726
250.0	0.0010703000000003016
252.0	0.0013289000000007434
254.0	0.0017638000000008702
256.0	0.0011662000000001171
258.0	0.0017449999999996635
260.0	0.0018455999999993367
262.0	0.0017975000000003405
264.0	0.0017633999999997485
266.0	0.0018855000000002065
268.0	0.0019670999999998884
270.0	0.0019546000000012498
272.0	0.0021764999999991375
274.0	0.002116300000000848
276.0	0.0021487000000011136
278.0	0.0020274999999987386
280.0	0.0022090000000005716
282.0	0.002283000000000257
284.0	0.002336599999999578
286.0	0.0026541000000008808
288.0	0.00248589999999993
290.0	0.002565099999999987
292.0	0.0022092000000011325
294.0	0.0023414999999999964
296.0	0.0024058000000000135
298.0	0.0023785000000007273
300.0	0.0026564999999987293
302.0	0.0027504000000000417
304.0	0.0026004000000003913
306.0	0.0024463000000007895
308.0	0.0028930999999996487
310.0	0.002980400000000216
312.0	0.00303740000000019
314.0	0.002999899999998945
316.0	0.0029593999999999454
318.0	0.002912699999999546
320.0	0.0028266000000005675
322.0	0.0026345000000009833
324.0	0.002997900000000442
326.0	0.0028871999999999787
328.0	0.003952800000000423
330.0	0.003019599999998235
332.0	0.003172100000000455
334.0	0.0031549000000001826
336.0	0.0025895999999985264
338.0	0.0033922000000004005
340.0	0.0031631000000000853
342.0	0.003686000000000078
344.0	0.0031479999999994845
346.0	0.0030365000000003306
348.0	0.003673900000000785
350.0	0.003838800000000475
352.0	0.0030052000000004853
354.0	0.0031967999999995556
356.0	0.003582299999999705
358.0	0.0032919999999982963
360.0	0.0049085000000008705
362.0	0.0035071999999995995
364.0	0.0032847999999994215
366.0	0.003501999999999228
368.0	0.004629100000000719
370.0	0.003026500000000709
372.0	0.0037736000000005987
374.0	0.0037410000000015486
376.0	0.004336999999999591
378.0	0.0037036999999990883
380.0	0.003591000000000122
382.0	0.003623300000000995
384.0	0.0034402000000000044
386.0	0.003512900000000485
388.0	0.004050299999999396
390.0	0.003998599999999186
392.0	0.00416150000000215
394.0	0.004263600000001588
396.0	0.004462000000000188
398.0	0.005250700000001274
400.0	0.0044213000000006275
402.0	0.004470699999998828
404.0	0.004534199999998378
406.0	0.004241099999997999
408.0	0.004180999999999102
410.0	0.004858999999999725
412.0	0.005168899999997478
414.0	0.004610400000000681
416.0	0.00449130000000153
418.0	0.00480230000000148
420.0	0.0043392999999980475
422.0	0.004417699999997637
424.0	0.005262800000000567
426.0	0.0047820999999999
428.0	0.005084599999999995
430.0	0.0047837000000008345
432.0	0.004825300000000254
434.0	0.006421400000000688
436.0	0.005353200000001834
438.0	0.005254899999997065
440.0	0.005038700000000063
442.0	0.005423600000000306
444.0	0.005591799999997704
446.0	0.005634799999999274
448.0	0.00517070000000075
450.0	0.005443299999999596
452.0	0.005962000000000245
454.0	0.005171600000000609
456.0	0.005750400000000155
458.0	0.006001000000001255
460.0	0.0065704000000010865
462.0	0.00577610000000206
464.0	0.005507700000002558
466.0	0.006037700000000257
468.0	0.005933600000002315
470.0	0.0081251999999985
472.0	0.008886699999997916
474.0	0.008009600000001171
476.0	0.006488499999999675
478.0	0.006021199999999283
480.0	0.0069774000000002445
482.0	0.0067379000000009626
484.0	0.006416500000000269
486.0	0.007256500000000443
488.0	0.008741299999996954
490.0	0.006733799999999235
492.0	0.006430700000002787
494.0	0.0064630000000001075
496.0	0.007049200000000866
498.0	0.007662100000001004
500.0	0.0066862999999983685
